particle 350 250 0 0 1 1
particle 775.0 250.0 0 0 5 0
particle 774.9352704414663 257.4172727358455 0 0 5 0
particle 774.7411014831157 264.8322860985629 0 0 5 0
particle 774.4175522706939 272.2427814032511 0 0 5 0
particle 773.9647213604253 279.64650134125327 0 0 5 0
particle 773.3827466889918 287.04119066775473 0 0 5 0
particle 772.6718055315162 294.4245968887527 0 0 5 0
particle 771.8321144475618 301.7944709471877 0 0 5 0
particle 770.8639292151674 309.1485679080278 0 0 5 0
particle 769.7675447529335 316.48464764209814 0 0 5 0
particle 768.5432950301883 323.8004755084454 0 0 5 0
particle 767.1915529652572 331.09382303503156 0 0 5 0
particle 765.7127303118674 338.3624685975477 0 0 5 0
particle 764.107277533725 345.6041980961426 0 0 5 0
particle 762.3756836672985 352.8168056298588 0 0 5 0
particle 760.518476172854 359.9980941685713 0 0 5 0
particle 758.5362207737855 367.1458762222246 0 0 5 0
particle 756.4295212842901 374.2579745071631 0 0 5 0
particle 754.1990194254403 381.33222260935264 0 0 5 0
particle 751.8453946297097 388.36646564429157 0 0 5 0
particle 749.3693638340111 395.3585609134092 0 0 5 0
particle 746.7716812613107 402.30637855675263 0 0 5 0
particle 744.0531381908847 409.2078022017626 0 0 5 0
particle 741.2145627172872 416.0607296079413 0 0 5 0
particle 738.2568194981054 422.8630733072151 0 0 5 0
particle 735.1808094905762 429.61276123979724 0 0 5 0
particle 731.987469677146 436.3077373853579 0 0 5 0
particle 728.6777727800563 442.9459623893074 0 0 5 0
particle 725.252726965044 449.5254141840036 0 0 5 0
particle 721.7133755342431 456.04408860469323 0 0 5 0
particle 718.0607966083865 462.5 0 0 5 0
particle 714.2961027983977 468.89118183677306 0 0 5 0
particle 710.420440866481 475.2156872991121 0 0 5 0
particle 706.4349913768052 481.47158988138654 0 0 5 0
particle 702.3409683358927 487.6569839750674 0 0 5 0
particle 698.1396188228215 493.76998544919456 0 0 5 0
particle 693.8322226093526 499.8087322243011 0 0 5 0
particle 689.4200917700995 505.7713848396205 0 0 5 0
particle 684.9045702828569 511.6561270134048 0 0 5 0
particle 680.2870336192127 517.4611661961809 0 0 5 0
particle 675.5688883255657 523.1847341167792 0 0 5 0
particle 670.7515715946781 528.8250873209656 0 0 5 0
particle 665.8365508278926 534.3805077025147 0 0 5 0
particle 660.8253231881474 539.8493030265619 0 0 5 0
particle 655.7194151439268 545.2298074450739 0 0 5 0
particle 650.5203820042827 550.5203820042827 0 0 5 0
particle 645.2298074450739 555.7194151439267 0 0 5 0
particle 639.8493030265619 560.8253231881474 0 0 5 0
particle 634.3805077025147 565.8365508278926 0 0 5 0
particle 628.8250873209656 570.7515715946781 0 0 5 0
particle 623.1847341167793 575.5688883255657 0 0 5 0
particle 617.461166196181 580.2870336192127 0 0 5 0
particle 611.6561270134048 584.9045702828569 0 0 5 0
particle 605.7713848396206 589.4200917700995 0 0 5 0
particle 599.8087322243011 593.8322226093526 0 0 5 0
particle 593.7699854491946 598.1396188228215 0 0 5 0
particle 587.6569839750674 602.3409683358927 0 0 5 0
particle 581.4715898813865 606.4349913768052 0 0 5 0
particle 575.2156872991121 610.420440866481 0 0 5 0
particle 568.8911818367731 614.2961027983977 0 0 5 0
particle 562.5 618.0607966083865 0 0 5 0
particle 556.0440886046933 621.7133755342431 0 0 5 0
particle 549.5254141840036 625.2527269650438 0 0 5 0
particle 542.9459623893074 628.6777727800563 0 0 5 0
particle 536.3077373853579 631.987469677146 0 0 5 0
particle 529.6127612397972 635.1808094905762 0 0 5 0
particle 522.863073307215 638.2568194981054 0 0 5 0
particle 516.0607296079413 641.2145627172872 0 0 5 0
particle 509.20780220176255 644.0531381908847 0 0 5 0
particle 502.30637855675263 646.7716812613107 0 0 5 0
particle 495.3585609134093 649.369363834011 0 0 5 0
particle 488.3664656442916 651.8453946297096 0 0 5 0
particle 481.3322226093527 654.1990194254403 0 0 5 0
particle 474.2579745071631 656.4295212842901 0 0 5 0
particle 467.1458762222246 658.5362207737855 0 0 5 0
particle 459.9980941685713 660.518476172854 0 0 5 0
particle 452.8168056298588 662.3756836672985 0 0 5 0
particle 445.60419809614257 664.107277533725 0 0 5 0
particle 438.3624685975478 665.7127303118673 0 0 5 0
particle 431.0938230350316 667.1915529652572 0 0 5 0
particle 423.8004755084454 668.5432950301883 0 0 5 0
particle 416.48464764209814 669.7675447529335 0 0 5 0
particle 409.1485679080278 670.8639292151674 0 0 5 0
particle 401.7944709471877 671.8321144475618 0 0 5 0
particle 394.4245968887527 672.6718055315162 0 0 5 0
particle 387.0411906677547 673.3827466889918 0 0 5 0
particle 379.6465013412532 673.9647213604253 0 0 5 0
particle 372.2427814032512 674.4175522706939 0 0 5 0
particle 364.832286098563 674.7411014831157 0 0 5 0
particle 357.41727273584553 674.9352704414663 0 0 5 0
particle 350.0 675.0 0 0 5 0
particle 342.5827272641545 674.9352704414663 0 0 5 0
particle 335.1677139014371 674.7411014831157 0 0 5 0
particle 327.7572185967489 674.4175522706939 0 0 5 0
particle 320.35349865874673 673.9647213604253 0 0 5 0
particle 312.95880933224527 673.3827466889918 0 0 5 0
particle 305.5754031112472 672.6718055315162 0 0 5 0
particle 298.2055290528124 671.8321144475619 0 0 5 0
particle 290.85143209197224 670.8639292151674 0 0 5 0
particle 283.5153523579019 669.7675447529335 0 0 5 0
particle 276.1995244915546 668.5432950301883 0 0 5 0
particle 268.90617696496844 667.1915529652572 0 0 5 0
particle 261.6375314024523 665.7127303118674 0 0 5 0
particle 254.39580190385738 664.107277533725 0 0 5 0
particle 247.1831943701412 662.3756836672985 0 0 5 0
particle 240.00190583142864 660.518476172854 0 0 5 0
particle 232.85412377777538 658.5362207737855 0 0 5 0
particle 225.74202549283692 656.4295212842901 0 0 5 0
particle 218.6677773906474 654.1990194254403 0 0 5 0
particle 211.63353435570843 651.8453946297097 0 0 5 0
particle 204.6414390865908 649.3693638340111 0 0 5 0
particle 197.6936214432474 646.7716812613107 0 0 5 0
particle 190.79219779823737 644.0531381908847 0 0 5 0
particle 183.93927039205866 641.2145627172871 0 0 5 0
particle 177.1369266927849 638.2568194981054 0 0 5 0
particle 170.3872387602028 635.1808094905763 0 0 5 0
particle 163.69226261464206 631.987469677146 0 0 5 0
particle 157.05403761069266 628.6777727800563 0 0 5 0
particle 150.47458581599636 625.2527269650438 0 0 5 0
particle 143.95591139530677 621.7133755342433 0 0 5 0
particle 137.50000000000009 618.0607966083865 0 0 5 0
particle 131.10881816322694 614.2961027983977 0 0 5 0
particle 124.78431270088797 610.4204408664812 0 0 5 0
particle 118.5284101186135 606.4349913768051 0 0 5 0
particle 112.34301602493267 602.3409683358927 0 0 5 0
particle 106.23001455080538 598.1396188228215 0 0 5 0
particle 100.19126777569898 593.8322226093526 0 0 5 0
particle 94.22861516037943 589.4200917700994 0 0 5 0
particle 88.34387298659522 584.9045702828569 0 0 5 0
particle 82.53883380381916 580.2870336192127 0 0 5 0
particle 76.81526588322077 575.5688883255657 0 0 5 0
particle 71.17491267903443 570.7515715946781 0 0 5 0
particle 65.61949229748524 565.8365508278926 0 0 5 0
particle 60.15069697343819 560.8253231881474 0 0 5 0
particle 54.7701925549261 555.7194151439267 0 0 5 0
particle 49.47961799571732 550.5203820042827 0 0 5 0
particle 44.28058485607323 545.2298074450738 0 0 5 0
particle 39.17467681185258 539.849303026562 0 0 5 0
particle 34.16344917210756 534.3805077025148 0 0 5 0
particle 29.248428405321874 528.8250873209656 0 0 5 0
particle 24.43111167443442 523.1847341167793 0 0 5 0
particle 19.71296638078735 517.4611661961809 0 0 5 0
particle 15.09542971714319 511.65612701340484 0 0 5 0
particle 10.579908229900525 505.77138483962045 0 0 5 0
particle 6.167777390647359 499.80873222430114 0 0 5 0
particle 1.8603811771784535 493.76998544919456 0 0 5 0
particle -2.3409683358926827 487.6569839750674 0 0 5 0
particle -6.434991376805158 481.4715898813866 0 0 5 0
particle -10.420440866481044 475.2156872991121 0 0 5 0
particle -14.29610279839767 468.8911818367731 0 0 5 0
particle -18.060796608386454 462.5 0 0 5 0
particle -21.713375534243198 456.0440886046933 0 0 5 0
particle -25.252726965043962 449.5254141840036 0 0 5 0
particle -28.67777278005633 442.9459623893074 0 0 5 0
particle -31.98746967714601 436.3077373853579 0 0 5 0
particle -35.18080949057622 429.6127612397973 0 0 5 0
particle -38.2568194981053 422.8630733072152 0 0 5 0
particle -41.21456271728715 416.0607296079413 0 0 5 0
particle -44.053138190884624 409.20780220176266 0 0 5 0
particle -46.77168126131073 402.3063785567526 0 0 5 0
particle -49.36936383401104 395.3585609134093 0 0 5 0
particle -51.84539462970969 388.36646564429157 0 0 5 0
particle -54.19901942544027 381.3322226093527 0 0 5 0
particle -56.429521284290104 374.25797450716306 0 0 5 0
particle -58.536220773785544 367.1458762222247 0 0 5 0
particle -60.51847617285398 359.9980941685714 0 0 5 0
particle -62.37568366729852 352.8168056298588 0 0 5 0
particle -64.10727753372493 345.6041980961427 0 0 5 0
particle -65.7127303118674 338.3624685975477 0 0 5 0
particle -67.19155296525719 331.0938230350316 0 0 5 0
particle -68.5432950301884 323.8004755084454 0 0 5 0
particle -69.76754475293353 316.48464764209814 0 0 5 0
particle -70.86392921516739 309.14856790802776 0 0 5 0
particle -71.83211444756182 301.79447094718773 0 0 5 0
particle -72.67180553151616 294.42459688875283 0 0 5 0
particle -73.38274668899186 287.04119066775473 0 0 5 0
particle -73.9647213604253 279.6465013412533 0 0 5 0
particle -74.41755227069388 272.2427814032511 0 0 5 0
particle -74.7411014831157 264.832286098563 0 0 5 0
particle -74.93527044146629 257.4172727358455 0 0 5 0
particle -75.0 250.00000000000006 0 0 5 0
particle -74.93527044146629 242.58272726415444 0 0 5 0
particle -74.7411014831157 235.1677139014371 0 0 5 0
particle -74.41755227069388 227.757218596749 0 0 5 0
particle -73.9647213604253 220.35349865874676 0 0 5 0
particle -73.38274668899186 212.95880933224538 0 0 5 0
particle -72.67180553151616 205.57540311124725 0 0 5 0
particle -71.83211444756188 198.20552905281238 0 0 5 0
particle -70.86392921516733 190.85143209197216 0 0 5 0
particle -69.76754475293353 183.51535235790195 0 0 5 0
particle -68.5432950301884 176.19952449155454 0 0 5 0
particle -67.19155296525719 168.9061769649685 0 0 5 0
particle -65.71273031186735 161.63753140245223 0 0 5 0
particle -64.10727753372498 154.39580190385738 0 0 5 0
particle -62.37568366729852 147.1831943701413 0 0 5 0
particle -60.51847617285404 140.00190583142864 0 0 5 0
particle -58.536220773785544 132.85412377777544 0 0 5 0
particle -56.42952128429005 125.74202549283687 0 0 5 0
particle -54.19901942544027 118.66777739064742 0 0 5 0
particle -51.84539462970963 111.63353435570838 0 0 5 0
particle -49.3693638340111 104.64143908659082 0 0 5 0
particle -46.77168126131073 97.69362144324731 0 0 5 0
particle -44.05313819088468 90.7921977982374 0 0 5 0
particle -41.21456271728715 83.93927039205875 0 0 5 0
particle -38.25681949810536 77.13692669278493 0 0 5 0
particle -35.18080949057628 70.38723876020282 0 0 5 0
particle -31.987469677145953 63.69226261464209 0 0 5 0
particle -28.67777278005633 57.05403761069266 0 0 5 0
particle -25.252726965043905 50.47458581599639 0 0 5 0
particle -21.713375534243255 43.9559113953068 0 0 5 0
particle -18.060796608386397 37.49999999999994 0 0 5 0
particle -14.296102798397726 31.10881816322697 0 0 5 0
particle -10.420440866481101 24.784312700887966 0 0 5 0
particle -6.434991376805215 18.528410118613493 0 0 5 0
particle -2.3409683358927964 12.343016024932666 0 0 5 0
particle 1.8603811771785104 6.230014550805379 0 0 5 0
particle 6.167777390647302 0.19126777569897513 0 0 5 0
particle 10.579908229900525 -5.771384839620566 0 0 5 0
particle 15.095429717143134 -11.656127013404728 0 0 5 0
particle 19.712966380787407 -17.46116619618101 0 0 5 0
particle 24.431111674434362 -23.18473411677917 0 0 5 0
particle 29.248428405321874 -28.82508732096551 0 0 5 0
particle 34.16344917210745 -34.38050770251476 0 0 5 0
particle 39.17467681185252 -39.84930302656181 0 0 5 0
particle 44.28058485607329 -45.2298074450739 0 0 5 0
particle 49.47961799571726 -50.52038200428268 0 0 5 0
particle 54.770192554926155 -55.71941514392677 0 0 5 0
particle 60.15069697343807 -60.82532318814742 0 0 5 0
particle 65.6194922974853 -65.83655082789261 0 0 5 0
particle 71.17491267903443 -70.75157159467813 0 0 5 0
particle 76.81526588322072 -75.56888832556558 0 0 5 0
particle 82.53883380381893 -80.28703361921248 0 0 5 0
particle 88.34387298659533 -84.90457028285692 0 0 5 0
particle 94.22861516037949 -89.42009177009948 0 0 5 0
particle 100.19126777569886 -93.83222260935264 0 0 5 0
particle 106.2300145508053 -98.13961882282143 0 0 5 0
particle 112.3430160249327 -102.3409683358928 0 0 5 0
particle 118.52841011861355 -106.43499137680521 0 0 5 0
particle 124.78431270088788 -110.42044086648104 0 0 5 0
particle 131.10881816322683 -114.29610279839767 0 0 5 0
particle 137.4999999999998 -118.06079660838628 0 0 5 0
particle 143.95591139530686 -121.71337553424331 0 0 5 0
particle 150.47458581599642 -125.25272696504396 0 0 5 0
particle 157.05403761069257 -128.67777278005633 0 0 5 0
particle 163.69226261464198 -131.9874696771459 0 0 5 0
particle 170.38723876020285 -135.18080949057628 0 0 5 0
particle 177.13692669278495 -138.25681949810541 0 0 5 0
particle 183.93927039205863 -141.2145627172871 0 0 5 0
particle 190.79219779823728 -144.05313819088462 0 0 5 0
particle 197.6936214432472 -146.77168126131068 0 0 5 0
particle 204.64143908659088 -149.3693638340111 0 0 5 0
particle 211.63353435570843 -151.8453946297097 0 0 5 0
particle 218.66777739064727 -154.19901942544027 0 0 5 0
particle 225.74202549283672 -156.42952128429 0 0 5 0
particle 232.85412377777547 -158.5362207737856 0 0 5 0
particle 240.00190583142873 -160.51847617285404 0 0 5 0
particle 247.1831943701412 -162.37568366729852 0 0 5 0
particle 254.39580190385726 -164.10727753372493 0 0 5 0
particle 261.6375314024521 -165.71273031186735 0 0 5 0
particle 268.90617696496855 -167.1915529652572 0 0 5 0
particle 276.1995244915546 -168.5432950301884 0 0 5 0
particle 283.5153523579018 -169.76754475293353 0 0 5 0
particle 290.851432091972 -170.86392921516733 0 0 5 0
particle 298.20552905281244 -171.83211444756188 0 0 5 0
particle 305.57540311124734 -172.6718055315162 0 0 5 0
particle 312.95880933224527 -173.38274668899186 0 0 5 0
particle 320.3534986587466 -173.9647213604253 0 0 5 0
particle 327.75721859674866 -174.41755227069388 0 0 5 0
particle 335.1677139014372 -174.7411014831157 0 0 5 0
particle 342.5827272641545 -174.9352704414663 0 0 5 0
particle 349.99999999999994 -175.0 0 0 5 0
particle 357.41727273584536 -174.9352704414663 0 0 5 0
particle 364.83228609856303 -174.7411014831157 0 0 5 0
particle 372.2427814032512 -174.41755227069388 0 0 5 0
particle 379.6465013412532 -173.96472136042536 0 0 5 0
particle 387.0411906677546 -173.38274668899186 0 0 5 0
particle 394.4245968887525 -172.6718055315162 0 0 5 0
particle 401.7944709471878 -171.83211444756182 0 0 5 0
particle 409.1485679080278 -170.8639292151674 0 0 5 0
particle 416.484647642098 -169.76754475293353 0 0 5 0
particle 423.80047550844523 -168.54329503018846 0 0 5 0
particle 431.0938230350317 -167.19155296525713 0 0 5 0
particle 438.3624685975478 -165.71273031186735 0 0 5 0
particle 445.60419809614257 -164.10727753372498 0 0 5 0
particle 452.81680562985866 -162.37568366729857 0 0 5 0
particle 459.99809416857113 -160.5184761728541 0 0 5 0
particle 467.14587622222473 -158.5362207737855 0 0 5 0
particle 474.2579745071631 -156.42952128429005 0 0 5 0
particle 481.3322226093526 -154.19901942544027 0 0 5 0
particle 488.36646564429145 -151.8453946297097 0 0 5 0
particle 495.3585609134093 -149.36936383401104 0 0 5 0
particle 502.30637855675263 -146.77168126131073 0 0 5 0
particle 509.20780220176255 -144.05313819088468 0 0 5 0
particle 516.0607296079412 -141.2145627172872 0 0 5 0
particle 522.8630733072149 -138.25681949810547 0 0 5 0
particle 529.6127612397974 -135.18080949057622 0 0 5 0
particle 536.3077373853579 -131.987469677146 0 0 5 0
particle 542.9459623893073 -128.6777727800564 0 0 5 0
particle 549.5254141840035 -125.25272696504402 0 0 5 0
particle 556.0440886046933 -121.71337553424314 0 0 5 0
particle 562.5 -118.0607966083864 0 0 5 0
particle 568.8911818367731 -114.29610279839773 0 0 5 0
particle 575.215687299112 -110.4204408664811 0 0 5 0
particle 581.4715898813863 -106.43499137680533 0 0 5 0
particle 587.6569839750675 -102.34096833589268 0 0 5 0
particle 593.7699854491946 -98.13961882282149 0 0 5 0
particle 599.808732224301 -93.8322226093527 0 0 5 0
particle 605.7713848396204 -89.42009177009953 0 0 5 0
particle 611.6561270134048 -84.90457028285675 0 0 5 0
particle 617.461166196181 -80.2870336192126 0 0 5 0
particle 623.1847341167792 -75.5688883255657 0 0 5 0
particle 628.8250873209655 -70.75157159467818 0 0 5 0
particle 634.3805077025145 -65.83655082789272 0 0 5 0
particle 639.849303026562 -60.82532318814742 0 0 5 0
particle 645.2298074450739 -55.71941514392677 0 0 5 0
particle 650.5203820042826 -50.52038200428274 0 0 5 0
particle 655.7194151439267 -45.22980744507396 0 0 5 0
particle 660.8253231881475 -39.849303026561756 0 0 5 0
particle 665.8365508278926 -34.380507702514706 0 0 5 0
particle 670.7515715946781 -28.825087320965622 0 0 5 0
particle 675.5688883255656 -23.18473411677934 0 0 5 0
particle 680.2870336192125 -17.46116619618107 0 0 5 0
particle 684.9045702828569 -11.656127013404728 0 0 5 0
particle 689.4200917700995 -5.771384839620509 0 0 5 0
particle 693.8322226093526 0.19126777569883302 0 0 5 0
particle 698.1396188228214 6.230014550805237 0 0 5 0
particle 702.3409683358927 12.343016024932695 0 0 5 0
particle 706.4349913768052 18.52841011861355 0 0 5 0
particle 710.420440866481 24.78431270088788 0 0 5 0
particle 714.2961027983977 31.10881816322683 0 0 5 0
particle 718.0607966083862 37.4999999999998 0 0 5 0
particle 721.7133755342433 43.95591139530683 0 0 5 0
particle 725.2527269650438 50.47458581599642 0 0 5 0
particle 728.6777727800563 57.054037610692546 0 0 5 0
particle 731.9874696771459 63.69226261464195 0 0 5 0
particle 735.1808094905763 70.38723876020282 0 0 5 0
particle 738.2568194981054 77.13692669278493 0 0 5 0
particle 741.2145627172871 83.9392703920586 0 0 5 0
particle 744.0531381908846 90.79219779823725 0 0 5 0
particle 746.7716812613106 97.69362144324717 0 0 5 0
particle 749.3693638340111 104.64143908659085 0 0 5 0
particle 751.8453946297097 111.6335343557084 0 0 5 0
particle 754.1990194254403 118.66777739064727 0 0 5 0
particle 756.42952128429 125.7420254928367 0 0 5 0
particle 758.5362207737855 132.85412377777544 0 0 5 0
particle 760.518476172854 140.0019058314287 0 0 5 0
particle 762.3756836672985 147.18319437014117 0 0 5 0
particle 764.107277533725 154.39580190385723 0 0 5 0
particle 765.7127303118673 161.63753140245205 0 0 5 0
particle 767.1915529652572 168.90617696496852 0 0 5 0
particle 768.5432950301883 176.1995244915546 0 0 5 0
particle 769.7675447529335 183.51535235790178 0 0 5 0
particle 770.8639292151673 190.85143209197201 0 0 5 0
particle 771.8321144475619 198.20552905281244 0 0 5 0
particle 772.6718055315162 205.57540311124728 0 0 5 0
particle 773.3827466889918 212.9588093322452 0 0 5 0
particle 773.9647213604253 220.35349865874662 0 0 5 0
particle 774.4175522706939 227.75721859674866 0 0 5 0
particle 774.7411014831157 235.16771390143714 0 0 5 0
particle 774.9352704414663 242.5827272641545 0 0 5 0
spring 0 1 2 0.01 1 255 4 0
spring 0 2 2 0.01 1 255 8 0
spring 0 3 2 0.01 1 255 12 0
spring 0 4 2 0.01 1 255 16 0
spring 0 5 2 0.01 1 255 20 0
spring 0 6 2 0.01 1 255 24 0
spring 0 7 2 0.01 1 255 28 0
spring 0 8 2 0.01 1 255 32 0
spring 0 9 2 0.01 1 255 36 0
spring 0 10 2 0.01 1 255 40 0
spring 0 11 2 0.01 1 255 44 0
spring 0 12 2 0.01 1 255 48 0
spring 0 13 2 0.01 1 255 52 0
spring 0 14 2 0.01 1 255 56 0
spring 0 15 2 0.01 1 255 60 0
spring 0 16 2 0.01 1 255 64 0
spring 0 17 2 0.01 1 255 68 0
spring 0 18 2 0.01 1 255 72 0
spring 0 19 2 0.01 1 255 76 0
spring 0 20 2 0.01 1 255 80 0
spring 0 21 2 0.01 1 255 84 0
spring 0 22 2 0.01 1 255 88 0
spring 0 23 2 0.01 1 255 92 0
spring 0 24 2 0.01 1 255 96 0
spring 0 25 2 0.01 1 255 100 0
spring 0 26 2 0.01 1 255 104 0
spring 0 27 2 0.01 1 255 108 0
spring 0 28 2 0.01 1 255 112 0
spring 0 29 2 0.01 1 255 116 0
spring 0 30 2 0.01 1 255 120 0
spring 0 31 2 0.01 1 255 124 0
spring 0 32 2 0.01 1 255 128 0
spring 0 33 2 0.01 1 255 132 0
spring 0 34 2 0.01 1 255 136 0
spring 0 35 2 0.01 1 255 140 0
spring 0 36 2 0.01 1 255 144 0
spring 0 37 2 0.01 1 255 148 0
spring 0 38 2 0.01 1 255 152 0
spring 0 39 2 0.01 1 255 156 0
spring 0 40 2 0.01 1 255 160 0
spring 0 41 2 0.01 1 255 164 0
spring 0 42 2 0.01 1 255 168 0
spring 0 43 2 0.01 1 255 172 0
spring 0 44 2 0.01 1 255 176 0
spring 0 45 2 0.01 1 255 180 0
spring 0 46 2 0.01 1 255 184 0
spring 0 47 2 0.01 1 255 188 0
spring 0 48 2 0.01 1 255 192 0
spring 0 49 2 0.01 1 255 196 0
spring 0 50 2 0.01 1 255 200 0
spring 0 51 2 0.01 1 255 204 0
spring 0 52 2 0.01 1 255 208 0
spring 0 53 2 0.01 1 255 212 0
spring 0 54 2 0.01 1 255 216 0
spring 0 55 2 0.01 1 255 220 0
spring 0 56 2 0.01 1 255 224 0
spring 0 57 2 0.01 1 255 228 0
spring 0 58 2 0.01 1 255 232 0
spring 0 59 2 0.01 1 255 236 0
spring 0 60 2 0.01 1 255 240 0
spring 0 61 2 0.01 1 255 244 0
spring 0 62 2 0.01 1 255 248 0
spring 0 63 2 0.01 1 255 252 0
spring 0 64 2 0.01 1 254 255 0
spring 0 65 2 0.01 1 250 255 0
spring 0 66 2 0.01 1 246 255 0
spring 0 67 2 0.01 1 242 255 0
spring 0 68 2 0.01 1 238 255 0
spring 0 69 2 0.01 1 234 255 0
spring 0 70 2 0.01 1 230 255 0
spring 0 71 2 0.01 1 226 255 0
spring 0 72 2 0.01 1 222 255 0
spring 0 73 2 0.01 1 218 255 0
spring 0 74 2 0.01 1 214 255 0
spring 0 75 2 0.01 1 210 255 0
spring 0 76 2 0.01 1 206 255 0
spring 0 77 2 0.01 1 202 255 0
spring 0 78 2 0.01 1 198 255 0
spring 0 79 2 0.01 1 194 255 0
spring 0 80 2 0.01 1 190 255 0
spring 0 81 2 0.01 1 186 255 0
spring 0 82 2 0.01 1 182 255 0
spring 0 83 2 0.01 1 178 255 0
spring 0 84 2 0.01 1 174 255 0
spring 0 85 2 0.01 1 170 255 0
spring 0 86 2 0.01 1 166 255 0
spring 0 87 2 0.01 1 162 255 0
spring 0 88 2 0.01 1 158 255 0
spring 0 89 2 0.01 1 154 255 0
spring 0 90 2 0.01 1 150 255 0
spring 0 91 2 0.01 1 146 255 0
spring 0 92 2 0.01 1 142 255 0
spring 0 93 2 0.01 1 138 255 0
spring 0 94 2 0.01 1 134 255 0
spring 0 95 2 0.01 1 130 255 0
spring 0 96 2 0.01 1 126 255 0
spring 0 97 2 0.01 1 122 255 0
spring 0 98 2 0.01 1 118 255 0
spring 0 99 2 0.01 1 114 255 0
spring 0 100 2 0.01 1 110 255 0
spring 0 101 2 0.01 1 106 255 0
spring 0 102 2 0.01 1 102 255 0
spring 0 103 2 0.01 1 98 255 0
spring 0 104 2 0.01 1 94 255 0
spring 0 105 2 0.01 1 90 255 0
spring 0 106 2 0.01 1 86 255 0
spring 0 107 2 0.01 1 82 255 0
spring 0 108 2 0.01 1 78 255 0
spring 0 109 2 0.01 1 74 255 0
spring 0 110 2 0.01 1 70 255 0
spring 0 111 2 0.01 1 66 255 0
spring 0 112 2 0.01 1 62 255 0
spring 0 113 2 0.01 1 58 255 0
spring 0 114 2 0.01 1 54 255 0
spring 0 115 2 0.01 1 50 255 0
spring 0 116 2 0.01 1 46 255 0
spring 0 117 2 0.01 1 42 255 0
spring 0 118 2 0.01 1 38 255 0
spring 0 119 2 0.01 1 34 255 0
spring 0 120 2 0.01 1 30 255 0
spring 0 121 2 0.01 1 26 255 0
spring 0 122 2 0.01 1 22 255 0
spring 0 123 2 0.01 1 18 255 0
spring 0 124 2 0.01 1 14 255 0
spring 0 125 2 0.01 1 10 255 0
spring 0 126 2 0.01 1 6 255 0
spring 0 127 2 0.01 1 2 255 0
spring 0 128 2 0.01 1 0 255 2
spring 0 129 2 0.01 1 0 255 6
spring 0 130 2 0.01 1 0 255 10
spring 0 131 2 0.01 1 0 255 14
spring 0 132 2 0.01 1 0 255 18
spring 0 133 2 0.01 1 0 255 22
spring 0 134 2 0.01 1 0 255 26
spring 0 135 2 0.01 1 0 255 30
spring 0 136 2 0.01 1 0 255 34
spring 0 137 2 0.01 1 0 255 38
spring 0 138 2 0.01 1 0 255 42
spring 0 139 2 0.01 1 0 255 46
spring 0 140 2 0.01 1 0 255 50
spring 0 141 2 0.01 1 0 255 54
spring 0 142 2 0.01 1 0 255 58
spring 0 143 2 0.01 1 0 255 62
spring 0 144 2 0.01 1 0 255 66
spring 0 145 2 0.01 1 0 255 70
spring 0 146 2 0.01 1 0 255 74
spring 0 147 2 0.01 1 0 255 78
spring 0 148 2 0.01 1 0 255 82
spring 0 149 2 0.01 1 0 255 86
spring 0 150 2 0.01 1 0 255 90
spring 0 151 2 0.01 1 0 255 94
spring 0 152 2 0.01 1 0 255 98
spring 0 153 2 0.01 1 0 255 102
spring 0 154 2 0.01 1 0 255 106
spring 0 155 2 0.01 1 0 255 110
spring 0 156 2 0.01 1 0 255 114
spring 0 157 2 0.01 1 0 255 118
spring 0 158 2 0.01 1 0 255 122
spring 0 159 2 0.01 1 0 255 126
spring 0 160 2 0.01 1 0 255 130
spring 0 161 2 0.01 1 0 255 134
spring 0 162 2 0.01 1 0 255 138
spring 0 163 2 0.01 1 0 255 142
spring 0 164 2 0.01 1 0 255 146
spring 0 165 2 0.01 1 0 255 150
spring 0 166 2 0.01 1 0 255 154
spring 0 167 2 0.01 1 0 255 158
spring 0 168 2 0.01 1 0 255 162
spring 0 169 2 0.01 1 0 255 166
spring 0 170 2 0.01 1 0 255 170
spring 0 171 2 0.01 1 0 255 174
spring 0 172 2 0.01 1 0 255 178
spring 0 173 2 0.01 1 0 255 182
spring 0 174 2 0.01 1 0 255 186
spring 0 175 2 0.01 1 0 255 190
spring 0 176 2 0.01 1 0 255 194
spring 0 177 2 0.01 1 0 255 198
spring 0 178 2 0.01 1 0 255 202
spring 0 179 2 0.01 1 0 255 206
spring 0 180 2 0.01 1 0 255 210
spring 0 181 2 0.01 1 0 255 214
spring 0 182 2 0.01 1 0 255 218
spring 0 183 2 0.01 1 0 255 222
spring 0 184 2 0.01 1 0 255 226
spring 0 185 2 0.01 1 0 255 230
spring 0 186 2 0.01 1 0 255 234
spring 0 187 2 0.01 1 0 255 238
spring 0 188 2 0.01 1 0 255 242
spring 0 189 2 0.01 1 0 255 246
spring 0 190 2 0.01 1 0 255 250
spring 0 191 2 0.01 1 0 255 254
spring 0 192 2 0.01 1 0 252 255
spring 0 193 2 0.01 1 0 248 255
spring 0 194 2 0.01 1 0 244 255
spring 0 195 2 0.01 1 0 240 255
spring 0 196 2 0.01 1 0 236 255
spring 0 197 2 0.01 1 0 232 255
spring 0 198 2 0.01 1 0 228 255
spring 0 199 2 0.01 1 0 224 255
spring 0 200 2 0.01 1 0 220 255
spring 0 201 2 0.01 1 0 216 255
spring 0 202 2 0.01 1 0 212 255
spring 0 203 2 0.01 1 0 208 255
spring 0 204 2 0.01 1 0 204 255
spring 0 205 2 0.01 1 0 200 255
spring 0 206 2 0.01 1 0 196 255
spring 0 207 2 0.01 1 0 192 255
spring 0 208 2 0.01 1 0 188 255
spring 0 209 2 0.01 1 0 184 255
spring 0 210 2 0.01 1 0 180 255
spring 0 211 2 0.01 1 0 176 255
spring 0 212 2 0.01 1 0 172 255
spring 0 213 2 0.01 1 0 168 255
spring 0 214 2 0.01 1 0 164 255
spring 0 215 2 0.01 1 0 160 255
spring 0 216 2 0.01 1 0 156 255
spring 0 217 2 0.01 1 0 152 255
spring 0 218 2 0.01 1 0 148 255
spring 0 219 2 0.01 1 0 144 255
spring 0 220 2 0.01 1 0 140 255
spring 0 221 2 0.01 1 0 136 255
spring 0 222 2 0.01 1 0 132 255
spring 0 223 2 0.01 1 0 128 255
spring 0 224 2 0.01 1 0 124 255
spring 0 225 2 0.01 1 0 120 255
spring 0 226 2 0.01 1 0 116 255
spring 0 227 2 0.01 1 0 112 255
spring 0 228 2 0.01 1 0 108 255
spring 0 229 2 0.01 1 0 104 255
spring 0 230 2 0.01 1 0 100 255
spring 0 231 2 0.01 1 0 96 255
spring 0 232 2 0.01 1 0 92 255
spring 0 233 2 0.01 1 0 88 255
spring 0 234 2 0.01 1 0 84 255
spring 0 235 2 0.01 1 0 80 255
spring 0 236 2 0.01 1 0 76 255
spring 0 237 2 0.01 1 0 72 255
spring 0 238 2 0.01 1 0 68 255
spring 0 239 2 0.01 1 0 64 255
spring 0 240 2 0.01 1 0 60 255
spring 0 241 2 0.01 1 0 56 255
spring 0 242 2 0.01 1 0 52 255
spring 0 243 2 0.01 1 0 48 255
spring 0 244 2 0.01 1 0 44 255
spring 0 245 2 0.01 1 0 40 255
spring 0 246 2 0.01 1 0 36 255
spring 0 247 2 0.01 1 0 32 255
spring 0 248 2 0.01 1 0 28 255
spring 0 249 2 0.01 1 0 24 255
spring 0 250 2 0.01 1 0 20 255
spring 0 251 2 0.01 1 0 16 255
spring 0 252 2 0.01 1 0 12 255
spring 0 253 2 0.01 1 0 8 255
spring 0 254 2 0.01 1 0 4 255
spring 0 255 2 0.01 1 0 0 255
spring 0 256 2 0.01 1 4 0 255
spring 0 257 2 0.01 1 8 0 255
spring 0 258 2 0.01 1 12 0 255
spring 0 259 2 0.01 1 16 0 255
spring 0 260 2 0.01 1 20 0 255
spring 0 261 2 0.01 1 24 0 255
spring 0 262 2 0.01 1 28 0 255
spring 0 263 2 0.01 1 32 0 255
spring 0 264 2 0.01 1 36 0 255
spring 0 265 2 0.01 1 40 0 255
spring 0 266 2 0.01 1 44 0 255
spring 0 267 2 0.01 1 48 0 255
spring 0 268 2 0.01 1 52 0 255
spring 0 269 2 0.01 1 56 0 255
spring 0 270 2 0.01 1 60 0 255
spring 0 271 2 0.01 1 64 0 255
spring 0 272 2 0.01 1 68 0 255
spring 0 273 2 0.01 1 72 0 255
spring 0 274 2 0.01 1 76 0 255
spring 0 275 2 0.01 1 80 0 255
spring 0 276 2 0.01 1 84 0 255
spring 0 277 2 0.01 1 88 0 255
spring 0 278 2 0.01 1 92 0 255
spring 0 279 2 0.01 1 96 0 255
spring 0 280 2 0.01 1 100 0 255
spring 0 281 2 0.01 1 104 0 255
spring 0 282 2 0.01 1 108 0 255
spring 0 283 2 0.01 1 112 0 255
spring 0 284 2 0.01 1 116 0 255
spring 0 285 2 0.01 1 120 0 255
spring 0 286 2 0.01 1 124 0 255
spring 0 287 2 0.01 1 128 0 255
spring 0 288 2 0.01 1 132 0 255
spring 0 289 2 0.01 1 136 0 255
spring 0 290 2 0.01 1 140 0 255
spring 0 291 2 0.01 1 144 0 255
spring 0 292 2 0.01 1 148 0 255
spring 0 293 2 0.01 1 152 0 255
spring 0 294 2 0.01 1 156 0 255
spring 0 295 2 0.01 1 160 0 255
spring 0 296 2 0.01 1 164 0 255
spring 0 297 2 0.01 1 168 0 255
spring 0 298 2 0.01 1 172 0 255
spring 0 299 2 0.01 1 176 0 255
spring 0 300 2 0.01 1 180 0 255
spring 0 301 2 0.01 1 184 0 255
spring 0 302 2 0.01 1 188 0 255
spring 0 303 2 0.01 1 192 0 255
spring 0 304 2 0.01 1 196 0 255
spring 0 305 2 0.01 1 200 0 255
spring 0 306 2 0.01 1 204 0 255
spring 0 307 2 0.01 1 208 0 255
spring 0 308 2 0.01 1 212 0 255
spring 0 309 2 0.01 1 216 0 255
spring 0 310 2 0.01 1 220 0 255
spring 0 311 2 0.01 1 224 0 255
spring 0 312 2 0.01 1 228 0 255
spring 0 313 2 0.01 1 232 0 255
spring 0 314 2 0.01 1 236 0 255
spring 0 315 2 0.01 1 240 0 255
spring 0 316 2 0.01 1 244 0 255
spring 0 317 2 0.01 1 248 0 255
spring 0 318 2 0.01 1 252 0 255
spring 0 319 2 0.01 1 255 0 254
spring 0 320 2 0.01 1 255 0 250
spring 0 321 2 0.01 1 255 0 246
spring 0 322 2 0.01 1 255 0 242
spring 0 323 2 0.01 1 255 0 238
spring 0 324 2 0.01 1 255 0 234
spring 0 325 2 0.01 1 255 0 230
spring 0 326 2 0.01 1 255 0 226
spring 0 327 2 0.01 1 255 0 222
spring 0 328 2 0.01 1 255 0 218
spring 0 329 2 0.01 1 255 0 214
spring 0 330 2 0.01 1 255 0 210
spring 0 331 2 0.01 1 255 0 206
spring 0 332 2 0.01 1 255 0 202
spring 0 333 2 0.01 1 255 0 198
spring 0 334 2 0.01 1 255 0 194
spring 0 335 2 0.01 1 255 0 190
spring 0 336 2 0.01 1 255 0 186
spring 0 337 2 0.01 1 255 0 182
spring 0 338 2 0.01 1 255 0 178
spring 0 339 2 0.01 1 255 0 174
spring 0 340 2 0.01 1 255 0 170
spring 0 341 2 0.01 1 255 0 166
spring 0 342 2 0.01 1 255 0 162
spring 0 343 2 0.01 1 255 0 158
spring 0 344 2 0.01 1 255 0 154
spring 0 345 2 0.01 1 255 0 150
spring 0 346 2 0.01 1 255 0 146
spring 0 347 2 0.01 1 255 0 142
spring 0 348 2 0.01 1 255 0 138
spring 0 349 2 0.01 1 255 0 134
spring 0 350 2 0.01 1 255 0 130
spring 0 351 2 0.01 1 255 0 126
spring 0 352 2 0.01 1 255 0 122
spring 0 353 2 0.01 1 255 0 118
spring 0 354 2 0.01 1 255 0 114
spring 0 355 2 0.01 1 255 0 110
spring 0 356 2 0.01 1 255 0 106
spring 0 357 2 0.01 1 255 0 102
spring 0 358 2 0.01 1 255 0 98
spring 0 359 2 0.01 1 255 0 94
spring 0 360 2 0.01 1 255 0 90
DeltaT .02
